Distance of best solution: 1584
Iteration where best solution was found: 0
Total number of iterations: 40
Time to find best solution: 0
Total run time: 21
Best solutions number of routes: 27
Tour 0: 0 103 161 71 65 136 35 135 164 120 0
Tour 1: 0 192 14 119 44 38 140 86 141 191 0
Tour 2: 0 126 63 181 64 49 143 36 0
Tour 3: 0 4 155 139 187 39 67 170 25 55 165 0
Tour 4: 0 7 182 123 19 107 175 11 159 62 148 88 0
Tour 5: 0 132 69 122 128 66 188 20 1 0
Tour 6: 0 18 114 8 174 46 124 47 168 48 82 153 0
Tour 7: 0 31 10 189 108 90 32 131 160 30 70 101 162 0
Tour 8: 0 3 158 79 129 169 34 78 185 76 111 0
Tour 9: 0 40 171 75 23 186 56 197 72 21 0
Tour 10: 0 156 147 5 84 173 17 113 16 61 0
Tour 11: 0 137 57 15 43 142 42 172 144 87 13 0
Tour 12: 0 45 125 199 83 166 89 0
Tour 13: 0 28 184 196 116 77 29 121 68 0
Tour 14: 0 109 177 134 24 163 150 80 12 0
Tour 15: 0 27 176 51 9 81 33 157 102 50 0
Tour 16: 0 2 115 178 145 41 22 133 74 73 0
Tour 17: 0 59 93 85 91 193 100 98 37 97 117 0
Tour 18: 0 26 195 54 130 179 149 0
Tour 19: 0 110 198 180 105 0
Tour 20: 0 106 194 52 0
Tour 21: 0 92 151 95 94 0
Tour 22: 0 60 118 0
Tour 23: 0 6 99 104 96 183 112 0
Tour 24: 0 146 127 190 167 0
Tour 25: 0 138 154 0
Tour 26: 0 58 152 53 0
